15352.000000
19514.000000
17256.000000
17532.000000
19122.000000
15868.000000
17171.000000
18569.000000
18763.000000
13294.000000
12149.000000
13067.000000
13046.000000
12492.000000
13867.000000
11328.000000
12886.000000
14053.000000
14701.000000
10391.000000
19205.000000
18683.000000
19051.000000
19185.000000
20765.000000
20417.000000
18502.000000
22194.000000
19464.000000
18265.000000
17819.000000
18851.000000
17816.000000
17321.000000
19884.000000
16775.000000
16754.000000
18090.000000
18005.000000
12813.000000
28269.000000
26591.000000
26790.000000
29265.000000
27124.000000
28234.000000
29201.000000
31489.000000
29712.000000
25170.000000
24018.000000
25134.000000
24890.000000
28014.000000
27480.000000
26348.000000
26251.000000
30570.000000
27135.000000
24563.000000
42733.000000
48534.000000
39947.000000
42460.000000
43789.000000
41483.000000
49801.000000
47125.000000
44698.000000
43162.000000
23065.000000
23979.000000
22567.000000
22941.000000
24529.000000
21112.000000
22818.000000
23636.000000
23582.000000
19832.000000
12565.000000
7822.000000
11292.000000
12755.000000
10368.000000
9083.000000
10172.000000
10127.000000
11441.000000
11469.000000
40344.000000
45459.000000
44410.000000
49211.000000
41026.000000
48185.000000
40127.000000
46559.000000
35029.000000
48463.000000
129931.000000
113812.000000
128090.000000
127883.000000
129371.000000
123415.000000
119391.000000
120480.000000
121890.000000
119594.000000
3507.000000
2098.000000
3702.000000
4626.000000
3606.000000
4012.000000
3693.000000
4520.000000
4364.000000
3780.000000
1430.000000
1424.000000
1435.000000
1424.000000
1445.000000
1434.000000
1434.000000
1431.000000
1430.000000
1426.000000
535.000000
533.000000
529.000000
538.000000
531.000000
533.000000
530.000000
534.000000
530.000000
532.000000
933.000000
941.000000
933.000000
924.000000
932.000000
926.000000
930.000000
929.000000
924.000000
923.000000
1957.000000
548.000000
548.000000
572.000000
3038.000000
3021.000000
3030.000000
3017.000000
953.000000
896.000000
11547.000000
936.000000
911.000000
13178.000000
13231.000000
13247.000000
13237.000000
13225.000000
3208.000000
3187.000000
3283.000000
11571.000000
3315.000000
3187.000000
1378.000000
1330.000000
1348.000000
7604.000000
7604.000000
7624.000000
7608.000000
2328.000000
11588.000000
2320.000000
2342.000000
2432.000000
6617.000000
6566.000000
6595.000000
6591.000000
6614.000000
5900.000000
5940.000000
11531.000000
5872.000000
3810.000000
3818.000000
3823.000000
3832.000000
11560.000000
2113.000000
1938.000000
1926.000000
1962.000000
4750.000000
19043.000000
3414.000000
797.000000
5202.000000
6366.000000
16457.000000
60880.000000
6063.000000
1193.000000
6213.000000
6549.000000
23253.000000
98426.000000
6032.000000
1376.000000
6670.000000
9303.000000
24798.000000
135853.000000
8598.000000
3138.000000
7448.000000
10727.000000
35559.000000
168427.000000
5914.000000
2212.000000
7414.000000
11691.000000
34752.000000
189423.000000
3980.000000
2369.000000
5850.000000
14343.000000
4541.000000
3746.000000
7187.000000
14476.000000
11087.000000
3839.000000
16338.000000
4619.000000
15788.000000
2433890.000000
1986009.000000
3349676.000000
4343116.000000
4038566.000000
4232738.000000
6159211.000000
6707014.000000
5537892.000000
7829688.000000
6823884.000000
6488611.000000
8419950.000000
9013029.000000
8183803.000000
2403194.000000
1967258.000000
3328580.000000
4255964.000000
3911855.000000
4181189.000000
6171832.000000
6720863.000000
5463602.000000
7750428.000000
6848988.000000
6369498.000000
8383825.000000
8747596.000000
8216530.000000
1100793.000000
3620250.000000
8561640.000000
256125268.000000
338.000000
319.000000
384.000000
397.000000
365.000000
440.000000
362.000000
359.000000
385.000000
403.000000
225.000000
242.000000
284.000000
291.000000
250.000000
240.000000
203.000000
248.000000
293.000000
258.000000
127.000000
123.000000
125.000000
111.000000
128.000000
127.000000
118.000000
112.000000
120.000000
127.000000
78.000000
85.000000
82.000000
81.000000
70.000000
87.000000
73.000000
82.000000
81.000000
70.000000
2013.000000
2055.000000
2031.000000
2067.000000
2025.000000
2107.000000
2026.000000
2069.000000
2012.000000
2000.000000
8187.000000
8022.000000
8033.000000
8139.000000
8126.000000
8181.000000
8208.000000
8229.000000
8200.000000
8105.000000
13589.000000
13400.000000
13461.000000
13656.000000
13532.000000
13566.000000
13628.000000
13495.000000
13600.000000
13678.000000
112.000000
110.000000
112.000000
106.000000
114.000000
112.000000
108.000000
110.000000
108.000000
104.000000
874.000000
864.000000
888.000000
870.000000
872.000000
860.000000
862.000000
868.000000
864.000000
876.000000
2396.000000
2334.000000
2370.000000
2372.000000
2366.000000
2364.000000
2372.000000
2330.000000
2374.000000
2354.000000
6039456.000000
5757868.000000
6509837.000000
14797029.000000
15542498.000000
15174192.000000
24472389.000000
28653128.000000
28090635.000000
10933215.000000
11381385.000000
11552046.000000
17320505.000000
20130696.000000
19086195.000000
28137626.000000
33227837.000000
28596587.000000
651.000000
715.000000
660.000000
810.000000
668.000000
643.000000
654.000000
724.000000
719.000000
725.000000
1629.000000
1604.000000
1902.000000
1586.000000
1537.000000
1576.000000
1508.000000
1979.000000
1311.000000
1726.000000
2118.000000
2092.000000
2707.000000
1983.000000
2031.000000
2407.000000
2220.000000
2251.000000
1842.000000
2041.000000
19378.000000
15352.000000
19412.000000
17290.000000
17532.000000
19125.000000
15868.000000
17368.000000
18629.000000
18649.000000
13229.000000
12191.000000
12964.000000
13046.000000
12243.000000
13858.000000
11403.000000
12756.000000
14036.000000
14559.000000
10308.000000
18955.000000
18498.000000
18780.000000
19127.000000
20331.000000
20299.000000
18414.000000
22133.000000
19354.000000
18191.000000
17924.000000
18655.000000
17642.000000
17314.000000
19884.000000
16479.000000
16689.000000
17822.000000
18192.000000
12813.000000
28226.000000
27061.000000
26712.000000
29399.000000
26856.000000
27988.000000
28953.000000
31110.000000
29343.000000
25112.000000
23705.000000
25107.000000
24856.000000
27426.000000
27360.000000
26171.000000
26146.000000
30483.000000
27003.000000
24636.000000
42536.000000
48298.000000
40414.000000
42233.000000
43231.000000
40795.000000
49492.000000
46780.000000
44275.000000
43241.000000
23084.000000
24068.000000
21937.000000
22922.000000
24457.000000
21036.000000
22735.000000
23843.000000
23653.000000
19851.000000
12529.000000
7898.000000
11022.000000
12593.000000
10368.000000
9042.000000
10172.000000
10098.000000
11435.000000
11380.000000
40344.000000
45563.000000
44049.000000
48980.000000
41243.000000
47943.000000
40605.000000
46757.000000
34859.000000
48421.000000
129745.000000
114379.000000
127892.000000
130110.000000
129349.000000
125185.000000
119498.000000
120219.000000
121725.000000
119081.000000
3497.000000
2098.000000
4626.000000
4012.000000
3693.000000
4510.000000
4216.000000
3780.000000
1430.000000
1424.000000
1432.000000
1424.000000
1440.000000
1436.000000
1432.000000
1430.000000
1431.000000
1430.000000
536.000000
532.000000
529.000000
538.000000
527.000000
533.000000
530.000000
534.000000
528.000000
533.000000
929.000000
941.000000
933.000000
922.000000
932.000000
925.000000
929.000000
929.000000
925.000000
922.000000
1921.000000
550.000000
540.000000
570.000000
3042.000000
3022.000000
3021.000000
3008.000000
974.000000
868.000000
11577.000000
916.000000
906.000000
13165.000000
13215.000000
13184.000000
13215.000000
13213.000000
3234.000000
3178.000000
3274.000000
11566.000000
3310.000000
3208.000000
1360.000000
1350.000000
1348.000000
7611.000000
7597.000000
7646.000000
7603.000000
2351.000000
11545.000000
2308.000000
2297.000000
2421.000000
6641.000000
6616.000000
6614.000000
6604.000000
6620.000000
5900.000000
5940.000000
11593.000000
5830.000000
3833.000000
3823.000000
3798.000000
3806.000000
11512.000000
2128.000000
1910.000000
1916.000000
1962.000000
-12.000000
19039.000000
3404.000000
98.000000
5058.000000
6333.000000
16464.000000
60752.000000
6063.000000
91.000000
6213.000000
6510.000000
23339.000000
99464.000000
6032.000000
90.000000
6665.000000
9213.000000
25243.000000
135929.000000
8560.000000
82.000000
7398.000000
10727.000000
35420.000000
171629.000000
5737.000000
89.000000
7362.000000
11589.000000
35039.000000
187615.000000
3980.000000
61.000000
5773.000000
14207.000000
4541.000000
122.000000
7205.000000
14441.000000
11109.000000
79.000000
16352.000000
76.000000
15656.000000
2438336.000000
1980513.000000
3339524.000000
4319107.000000
4038582.000000
4201696.000000
6209851.000000
6678578.000000
5502254.000000
7812054.000000
6841212.000000
6503900.000000
8444726.000000
8886676.000000
8253152.000000
2445317.000000
1971935.000000
3306529.000000
4243404.000000
3935047.000000
4179139.000000
6140485.000000
6720330.000000
5484576.000000
7708590.000000
6849329.000000
6246707.000000
8368033.000000
8805952.000000
8193709.000000
3604755.000000
8574375.000000
252518838.000000
339.000000
324.000000
388.000000
397.000000
363.000000
441.000000
363.000000
361.000000
385.000000
404.000000
227.000000
242.000000
284.000000
291.000000
248.000000
240.000000
204.000000
249.000000
289.000000
252.000000
124.000000
126.000000
125.000000
111.000000
128.000000
128.000000
122.000000
112.000000
119.000000
127.000000
78.000000
85.000000
82.000000
81.000000
85.000000
72.000000
82.000000
81.000000
70.000000
2015.000000
2059.000000
2017.000000
2062.000000
2025.000000
2108.000000
2027.000000
2069.000000
2022.000000
2000.000000
8174.000000
8045.000000
8019.000000
8139.000000
8120.000000
8169.000000
8212.000000
8238.000000
8198.000000
8099.000000
13582.000000
13394.000000
13461.000000
13650.000000
13506.000000
13561.000000
13640.000000
13493.000000
13593.000000
13658.000000
108.000000
108.000000
112.000000
106.000000
114.000000
108.000000
108.000000
112.000000
108.000000
110.000000
872.000000
868.000000
886.000000
852.000000
888.000000
856.000000
860.000000
862.000000
858.000000
878.000000
2382.000000
2372.000000
2372.000000
2364.000000
2388.000000
2342.000000
2374.000000
2316.000000
2372.000000
2344.000000
5994121.000000
5757868.000000
6495850.000000
14851800.000000
15557269.000000
15159859.000000
24473369.000000
28710637.000000
27912249.000000
10933215.000000
11582216.000000
11552046.000000
16753427.000000
19951874.000000
19377248.000000
27341239.000000
33313192.000000
28211108.000000
648.000000
719.000000
664.000000
813.000000
668.000000
635.000000
654.000000
725.000000
721.000000
724.000000
1646.000000
1604.000000
1902.000000
1601.000000
1545.000000
1571.000000
1472.000000
1980.000000
1290.000000
1749.000000
2115.000000
2085.000000
2710.000000
1990.000000
2025.000000
2419.000000
2208.000000
2238.000000
1843.000000
2041.000000
15352.000000
19412.000000
17252.000000
17532.000000
19082.000000
15868.000000
17171.000000
18629.000000
18363.000000
13294.000000
12191.000000
13067.000000
12962.000000
12372.000000
13795.000000
11403.000000
12915.000000
14068.000000
14575.000000
10375.000000
19035.000000
18498.000000
18772.000000
19127.000000
20211.000000
20299.000000
18482.000000
22170.000000
19534.000000
18195.000000
17687.000000
18586.000000
17639.000000
17314.000000
19779.000000
16817.000000
16763.000000
17747.000000
18285.000000
12838.000000
28259.000000
26943.000000
26779.000000
29388.000000
26674.000000
27918.000000
29152.000000
30987.000000
29341.000000
25095.000000
23842.000000
25008.000000
24553.000000
27779.000000
27157.000000
26264.000000
25645.000000
30483.000000
27096.000000
24134.000000
42391.000000
48534.000000
40674.000000
42491.000000
43324.000000
41369.000000
49283.000000
46752.000000
44250.000000
43191.000000
23035.000000
23996.000000
22390.000000
22585.000000
24443.000000
21028.000000
22255.000000
24029.000000
23717.000000
19950.000000
12565.000000
7928.000000
11008.000000
12723.000000
10368.000000
9083.000000
10202.000000
10125.000000
11435.000000
11380.000000
39750.000000
45474.000000
44616.000000
49013.000000
40944.000000
47800.000000
40440.000000
46128.000000
35191.000000
48341.000000
129661.000000
115431.000000
127619.000000
130364.000000
128819.000000
124261.000000
121007.000000
120161.000000
121788.000000
119270.000000
3497.000000
2098.000000
3702.000000
4626.000000
3468.000000
4012.000000
3693.000000
4520.000000
4216.000000
3780.000000
1430.000000
1424.000000
1429.000000
1424.000000
1440.000000
1434.000000
1434.000000
1430.000000
1432.000000
1426.000000
536.000000
532.000000
529.000000
538.000000
527.000000
533.000000
530.000000
535.000000
530.000000
532.000000
929.000000
941.000000
934.000000
922.000000
932.000000
925.000000
928.000000
929.000000
925.000000
923.000000
1945.000000
548.000000
538.000000
560.000000
3049.000000
3024.000000
3029.000000
3028.000000
975.000000
889.000000
11574.000000
925.000000
899.000000
13238.000000
13251.000000
13218.000000
13207.000000
13227.000000
3205.000000
3207.000000
3231.000000
11532.000000
3302.000000
3177.000000
1364.000000
1358.000000
1350.000000
7610.000000
7629.000000
7598.000000
7639.000000
2298.000000
11528.000000
2346.000000
2346.000000
2398.000000
6579.000000
6620.000000
6578.000000
6605.000000
6635.000000
6000.000000
6000.000000
11596.000000
5830.000000
3818.000000
3815.000000
3828.000000
3812.000000
11587.000000
2116.000000
1934.000000
1963.000000
1982.000000
-681.000000
19022.000000
3413.000000
133.000000
5058.000000
6333.000000
16439.000000
60196.000000
6063.000000
109.000000
6213.000000
6579.000000
23359.000000
98783.000000
6037.000000
78.000000
6649.000000
9213.000000
24710.000000
137042.000000
8598.000000
86.000000
7398.000000
10714.000000
35508.000000
171920.000000
5712.000000
123.000000
7362.000000
11604.000000
35149.000000
187515.000000
3980.000000
93.000000
5824.000000
14157.000000
4541.000000
97.000000
7225.000000
14311.000000
11109.000000
-65.000000
16352.000000
-132.000000
15458.000000
2447746.000000
2001776.000000
3313162.000000
4321851.000000
4034325.000000
4173438.000000
6207113.000000
6728513.000000
5508149.000000
7839088.000000
6868432.000000
6503761.000000
8401319.000000
8944585.000000
8181095.000000
2429843.000000
1956068.000000
3305748.000000
4270399.000000
3890352.000000
4182875.000000
6166573.000000
6703182.000000
5522875.000000
7741674.000000
6825681.000000
6344712.000000
8374921.000000
8728140.000000
8144028.000000
1097517.000000
3618350.000000
8600040.000000
252518838.000000
339.000000
323.000000
386.000000
397.000000
363.000000
441.000000
364.000000
361.000000
385.000000
404.000000
227.000000
245.000000
284.000000
291.000000
248.000000
242.000000
204.000000
249.000000
291.000000
252.000000
127.000000
126.000000
125.000000
111.000000
128.000000
123.000000
122.000000
112.000000
120.000000
127.000000
78.000000
85.000000
82.000000
81.000000
70.000000
87.000000
72.000000
82.000000
81.000000
70.000000
2013.000000
2059.000000
2032.000000
2067.000000
2025.000000
2108.000000
2032.000000
2074.000000
2022.000000
1997.000000
8190.000000
8045.000000
8028.000000
8139.000000
8120.000000
8169.000000
8207.000000
8249.000000
8194.000000
8091.000000
13585.000000
13411.000000
13461.000000
13656.000000
13506.000000
13573.000000
13619.000000
13495.000000
13593.000000
13655.000000
112.000000
108.000000
112.000000
106.000000
114.000000
110.000000
110.000000
112.000000
108.000000
110.000000
860.000000
862.000000
884.000000
856.000000
890.000000
862.000000
860.000000
876.000000
858.000000
876.000000
2374.000000
2378.000000
2390.000000
2366.000000
2374.000000
2376.000000
2356.000000
2358.000000
2366.000000
2348.000000
5957985.000000
5750831.000000
6444169.000000
14881454.000000
15540823.000000
15017023.000000
24300503.000000
28722167.000000
27790010.000000
10933215.000000
11287137.000000
11302809.000000
17339114.000000
20086233.000000
19337323.000000
28248503.000000
32669716.000000
28609355.000000
648.000000
719.000000
666.000000
811.000000
666.000000
635.000000
653.000000
725.000000
719.000000
724.000000
1622.000000
1604.000000
1902.000000
1627.000000
1543.000000
1576.000000
1472.000000
1974.000000
1290.000000
1749.000000
2118.000000
2096.000000
2704.000000
1990.000000
2031.000000
2419.000000
2199.000000
2208.000000
1843.000000
2041.000000
1104753.000000
1101090.000000
3544.000000
70.000000
70.000000
15060.000000
19412.000000
17290.000000
17532.000000
19125.000000
15765.000000
17368.000000
18629.000000
18591.000000
13254.000000
12201.000000
13067.000000
12917.000000
12261.000000
13867.000000
11403.000000
12756.000000
14036.000000
14701.000000
10458.000000
19035.000000
18683.000000
18797.000000
19057.000000
20761.000000
20299.000000
18419.000000
22194.000000
19504.000000
18195.000000
17932.000000
18889.000000
17756.000000
17193.000000
19779.000000
16797.000000
16692.000000
17902.000000
18053.000000
12710.000000
28089.000000
27030.000000
26503.000000
29438.000000
26856.000000
28017.000000
29152.000000
30966.000000
29396.000000
25337.000000
23780.000000
25138.000000
25008.000000
27570.000000
27420.000000
70.000000
70.000000
15352.000000
19412.000000
17256.000000
17565.000000
19109.000000
15765.000000
17368.000000
18629.000000
18641.000000
13254.000000
12168.000000
13067.000000
13046.000000
12261.000000
13867.000000
11403.000000
12866.000000
14036.000000
14256.000000
10458.000000
19035.000000
18490.000000
18356.000000
19079.000000
20349.000000
20417.000000
18405.000000
22062.000000
19515.000000
17978.000000
17910.000000
18718.000000
17385.000000
17314.000000
19401.000000
16817.000000
16780.000000
17772.000000
18303.000000
12372.000000
28259.000000
27061.000000
26622.000000
29326.000000
26378.000000
28017.000000
29104.000000
31086.000000
29656.000000
25245.000000
23729.000000
25353.000000
24653.000000
27950.000000
27394.000000
26208.000000
25829.000000
30154.000000
27043.000000
24651.000000
42800.000000
48342.000000
40487.000000
42458.000000
43663.000000
40766.000000
49492.000000
46670.000000
44010.000000
43241.000000
23031.000000
24024.000000
22371.000000
22508.000000
24348.000000
20461.000000
22351.000000
23741.000000
23692.000000
19787.000000
12565.000000
7970.000000
11000.000000
12723.000000
10368.000000
9083.000000
10202.000000
10046.000000
11419.000000
11455.000000
39934.000000
45583.000000
44341.000000
48866.000000
41274.000000
47569.000000
40723.000000
46618.000000
34962.000000
48673.000000
129630.000000
113347.000000
127831.000000
127997.000000
129268.000000
124981.000000
119818.000000
121074.000000
122382.000000
119072.000000
3507.000000
2098.000000
3702.000000
4626.000000
3544.000000
4012.000000
3693.000000
4510.000000
4216.000000
3780.000000
1430.000000
1424.000000
1432.000000
1418.000000
1438.000000
1435.000000
1434.000000
1431.000000
1430.000000
1430.000000
536.000000
532.000000
529.000000
537.000000
527.000000
533.000000
530.000000
535.000000
530.000000
533.000000
929.000000
941.000000
933.000000
923.000000
932.000000
925.000000
927.000000
928.000000
925.000000
922.000000
1939.000000
552.000000
546.000000
568.000000
3048.000000
3027.000000
3022.000000
3015.000000
951.000000
892.000000
11549.000000
911.000000
909.000000
13257.000000
13226.000000
13244.000000
13234.000000
13231.000000
3237.000000
3170.000000
3282.000000
11562.000000
3268.000000
3209.000000
1374.000000
1348.000000
1344.000000
7614.000000
7617.000000
7637.000000
7630.000000
2354.000000
11602.000000
2295.000000
2322.000000
2388.000000
6627.000000
6607.000000
6598.000000
6628.000000
6602.000000
5900.000000
5940.000000
11605.000000
5876.000000
3817.000000
3813.000000
3818.000000
3826.000000
11592.000000
2101.000000
1961.000000
1944.000000
2009.000000
-348.000000
19039.000000
3413.000000
133.000000
5058.000000
6248.000000
16439.000000
60364.000000
6063.000000
63.000000
6213.000000
6579.000000
23308.000000
98462.000000
6037.000000
88.000000
6665.000000
9247.000000
24914.000000
136635.000000
8598.000000
47.000000
7398.000000
10705.000000
35594.000000
169037.000000
5737.000000
65.000000
7362.000000
11563.000000
34977.000000
188220.000000
3980.000000
87.000000
5824.000000
14207.000000
4541.000000
65.000000
7211.000000
14476.000000
11101.000000
59.000000
16352.000000
51.000000
15640.000000
2444879.000000
2013355.000000
3312646.000000
4348184.000000
4016947.000000
4199367.000000
6216809.000000
6655800.000000
5457419.000000
7736189.000000
6809426.000000
6463177.000000
8505391.000000
8941831.000000
8205703.000000
2427345.000000
1967359.000000
3328814.000000
4250828.000000
3878557.000000
4163952.000000
6174167.000000
6675177.000000
5497158.000000
7772816.000000
6830682.000000
6361290.000000
8354547.000000
8759010.000000
8159963.000000
1103821.000000
3613080.000000
8548225.000000
252518838.000000
339.000000
320.000000
388.000000
397.000000
363.000000
433.000000
363.000000
361.000000
385.000000
401.000000
225.000000
245.000000
284.000000
291.000000
248.000000
242.000000
202.000000
249.000000
291.000000
252.000000
127.000000
126.000000
125.000000
111.000000
127.000000
128.000000
122.000000
112.000000
120.000000
127.000000
78.000000
85.000000
82.000000
81.000000
70.000000
85.000000
72.000000
82.000000
81.000000
70.000000
2011.000000
2060.000000
2030.000000
2061.000000
2025.000000
2108.000000
2032.000000
2073.000000
2022.000000
1994.000000
8190.000000
8045.000000
8028.000000
8139.000000
8125.000000
8160.000000
8207.000000
8232.000000
8199.000000
8091.000000
13585.000000
13400.000000
13423.000000
13656.000000
13491.000000
13566.000000
13640.000000
13471.000000
13590.000000
13658.000000
110.000000
110.000000
112.000000
104.000000
114.000000
110.000000
108.000000
110.000000
106.000000
110.000000
874.000000
862.000000
882.000000
852.000000
888.000000
854.000000
866.000000
878.000000
854.000000
876.000000
2370.000000
2340.000000
2388.000000
2366.000000
2388.000000
2394.000000
2364.000000
2350.000000
2370.000000
2344.000000
6049461.000000
5757868.000000
6509837.000000
14967974.000000
15473105.000000
15145356.000000
24643283.000000
28718494.000000
27964908.000000
10933215.000000
11418235.000000
11552046.000000
17261586.000000
20048039.000000
19135056.000000
27071964.000000
32683918.000000
28608376.000000
651.000000
719.000000
666.000000
810.000000
668.000000
635.000000
653.000000
725.000000
721.000000
727.000000
1624.000000
1604.000000
1902.000000
1620.000000
1540.000000
1578.000000
1466.000000
1980.000000
1287.000000
1751.000000
2118.000000
2088.000000
2715.000000
1972.000000
2031.000000
2419.000000
2220.000000
2215.000000
1843.000000
2041.000000
