15352.000000
19412.000000
17256.000000
17532.000000
19125.000000
15868.000000
17368.000000
18582.000000
18649.000000
13254.000000
12191.000000
13035.000000
13046.000000
12396.000000
13838.000000
11403.000000
12915.000000
14068.000000
14701.000000
10458.000000
19035.000000
18683.000000
18778.000000
19302.000000
20530.000000
20417.000000
18409.000000
22194.000000
19245.000000
18195.000000
17710.000000
18859.000000
17639.000000
17314.000000
19878.000000
16636.000000
16737.000000
17973.000000
18254.000000
12373.000000
28207.000000
27061.000000
26577.000000
29167.000000
26911.000000
27623.000000
28953.000000
31086.000000
29660.000000
25196.000000
23780.000000
25168.000000
24695.000000
27564.000000
27370.000000
26283.000000
26145.000000
30083.000000
27058.000000
24614.000000
42483.000000
48291.000000
40091.000000
42800.000000
43203.000000
41027.000000
49272.000000
46819.000000
44301.000000
42949.000000
23128.000000
23775.000000
22386.000000
22769.000000
24621.000000
20975.000000
22735.000000
24095.000000
23405.000000
19912.000000
12511.000000
7970.000000
11032.000000
12723.000000
10368.000000
9083.000000
10210.000000
10075.000000
11435.000000
11437.000000
40322.000000
45387.000000
44201.000000
48552.000000
41243.000000
47800.000000
40707.000000
46477.000000
34967.000000
48158.000000
128519.000000
115290.000000
127893.000000
130560.000000
128863.000000
125243.000000
118598.000000
121262.000000
121925.000000
118380.000000
3505.000000
2098.000000
3702.000000
4626.000000
3544.000000
4012.000000
3693.000000
4510.000000
4216.000000
3780.000000
1430.000000
1425.000000
1432.000000
1420.000000
1440.000000
1435.000000
1434.000000
1430.000000
1431.000000
1430.000000
536.000000
532.000000
528.000000
538.000000
527.000000
533.000000
531.000000
535.000000
530.000000
532.000000
929.000000
941.000000
933.000000
921.000000
932.000000
923.000000
928.000000
929.000000
924.000000
923.000000
1934.000000
550.000000
546.000000
568.000000
3047.000000
3009.000000
3029.000000
3024.000000
979.000000
882.000000
11559.000000
903.000000
903.000000
13241.000000
13226.000000
13225.000000
13259.000000
13219.000000
3220.000000
3151.000000
3311.000000
11561.000000
3313.000000
3182.000000
1380.000000
1362.000000
1348.000000
7623.000000
7608.000000
7612.000000
7613.000000
2309.000000
11563.000000
2288.000000
2314.000000
2403.000000
6607.000000
6576.000000
6609.000000
6595.000000
6598.000000
6000.000000
5940.000000
11556.000000
5830.000000
3819.000000
3808.000000
3826.000000
3820.000000
11583.000000
2095.000000
1932.000000
1938.000000
1996.000000
61.000000
19102.000000
3414.000000
98.000000
5058.000000
6333.000000
16392.000000
60049.000000
6063.000000
100.000000
6213.000000
6484.000000
23219.000000
99051.000000
6037.000000
78.000000
6665.000000
9213.000000
25243.000000
133140.000000
8598.000000
75.000000
7398.000000
10714.000000
35268.000000
170572.000000
5737.000000
57.000000
7362.000000
11626.000000
34774.000000
187487.000000
3980.000000
17.000000
5824.000000
14096.000000
4541.000000
14.000000
7225.000000
14441.000000
11101.000000
-34.000000
16352.000000
60.000000
15647.000000
2429835.000000
2008640.000000
3324894.000000
4315090.000000
4010130.000000
4213302.000000
6248321.000000
6773046.000000
5496823.000000
7779958.000000
6852746.000000
6465891.000000
8426422.000000
8947236.000000
8123545.000000
2445317.000000
1937911.000000
3297463.000000
4252458.000000
3920988.000000
4179602.000000
6154462.000000
6713904.000000
5503479.000000
7656214.000000
6827965.000000
6343857.000000
8341660.000000
8756746.000000
8165540.000000
1105374.000000
3624225.000000
8599950.000000
252518838.000000
338.000000
322.000000
385.000000
397.000000
363.000000
441.000000
365.000000
361.000000
385.000000
404.000000
225.000000
245.000000
282.000000
291.000000
248.000000
240.000000
204.000000
247.000000
291.000000
252.000000
127.000000
126.000000
125.000000
111.000000
127.000000
127.000000
122.000000
112.000000
120.000000
127.000000
78.000000
85.000000
82.000000
81.000000
70.000000
87.000000
72.000000
83.000000
81.000000
70.000000
2011.000000
2060.000000
2020.000000
2067.000000
2039.000000
2108.000000
2027.000000
2068.000000
2022.000000
2000.000000
8189.000000
8021.000000
8039.000000
8139.000000
8113.000000
8169.000000
8205.000000
8238.000000
8199.000000
8091.000000
13585.000000
13411.000000
13461.000000
13656.000000
13504.000000
13566.000000
13640.000000
13497.000000
13593.000000
13658.000000
112.000000
108.000000
112.000000
106.000000
114.000000
112.000000
110.000000
110.000000
108.000000
110.000000
864.000000
876.000000
868.000000
870.000000
858.000000
868.000000
858.000000
872.000000
864.000000
872.000000
2370.000000
2372.000000
2376.000000
2374.000000
2372.000000
2348.000000
2380.000000
2362.000000
2386.000000
2322.000000
5891227.000000
5757868.000000
6509837.000000
15051133.000000
15605656.000000
14893431.000000
24290578.000000
28702234.000000
28059623.000000
10933215.000000
11332528.000000
11540749.000000
17014075.000000
19855840.000000
19282524.000000
27413869.000000
33271970.000000
28157385.000000
648.000000
717.000000
664.000000
810.000000
668.000000
643.000000
654.000000
725.000000
718.000000
718.000000
1619.000000
1604.000000
1902.000000
1607.000000
1545.000000
1571.000000
1473.000000
1980.000000
1306.000000
1747.000000
2104.000000
2085.000000
2713.000000
1990.000000
2029.000000
2411.000000
2208.000000
2225.000000
1843.000000
2041.000000
